376.54	1.23426E-08
376.93	1.08253E-08
377.31	1.59947E-08
377.70	1.44868E-08
378.09	1.13603E-08
378.48	1.21861E-08
378.87	1.89457E-08
379.26	1.25928E-08
379.65	2.01084E-08
380.04	1.93328E-08
380.42	1.37487E-08
380.81	1.58731E-08
381.20	1.49931E-08
381.59	1.91718E-08
381.98	1.16468E-08
382.37	1.32786E-08
382.76	2.49315E-08
383.15	1.43654E-08
383.53	1.70524E-08
383.92	9.98995E-09
384.31	1.10764E-08
384.70	1.24035E-08
385.09	1.36049E-08
385.48	1.15956E-08
385.87	1.3393E-08
386.26	1.15748E-08
386.65	1.33299E-08
387.03	1.26929E-08
387.42	9.79557E-09
387.81	1.21345E-08
388.20	9.93861E-09
388.59	7.27019E-09
388.98	1.0809E-08
389.37	1.46068E-08
389.76	9.72898E-09
390.15	1.45617E-08
390.54	9.21893E-09
390.93	9.64635E-09
391.31	1.02396E-08
391.70	1.00031E-08
392.09	9.21262E-09
392.48	1.41858E-08
392.87	1.00568E-08
393.26	1.17568E-08
393.65	9.28398E-09
394.04	8.90136E-09
394.43	9.27229E-09
394.82	1.11697E-08
395.21	3.31043E-09
395.60	3.26931E-08
395.99	7.68489E-09
396.38	8.90274E-09
396.76	6.05347E-09
397.15	1.11606E-08
397.54	6.71322E-09
397.93	9.53445E-09
398.32	9.24592E-09
398.71	6.77511E-09
399.10	8.60126E-09
399.49	7.92128E-09
399.88	9.13198E-09
400.27	8.50456E-09
400.66	9.88789E-09
401.05	1.02413E-08
401.44	-2.75666E-10
401.83	4.17818E-08
402.22	1.06019E-07
402.61	2.44528E-07
403.00	3.97493E-07
403.39	4.9833E-07
403.78	5.88068E-07
404.17	5.53331E-07
404.56	4.74258E-07
404.95	3.73767E-07
405.34	2.53926E-07
405.72	1.91363E-07
406.11	1.49326E-07
406.50	1.1404E-07
406.89	9.20983E-08
407.28	9.17392E-08
407.67	4.99467E-08
408.06	4.16113E-08
408.45	3.45538E-08
408.84	2.84543E-08
409.23	2.19028E-08
409.62	1.73126E-08
410.01	1.68699E-08
410.40	1.34408E-08
410.79	1.66092E-08
411.18	1.58261E-08
411.57	1.52671E-08
411.96	2.26572E-08
412.35	1.61245E-08
412.74	2.13018E-08
413.13	1.94761E-08
413.52	1.73617E-08
413.91	2.02229E-08
414.30	2.00205E-08
414.69	2.09602E-08
415.08	1.96796E-08
415.47	1.96746E-08
415.86	1.81115E-08
416.25	2.05559E-08
416.64	1.97073E-08
417.04	1.924E-08
417.43	1.88614E-08
417.82	1.47234E-08
418.21	1.61006E-08
418.60	1.69132E-08
418.99	1.58413E-08
419.38	1.68139E-08
419.77	1.51165E-08
420.16	1.52816E-08
420.55	1.68503E-08
420.94	1.48827E-08
421.33	1.29013E-08
421.72	1.26312E-08
422.11	1.52697E-08
422.50	1.62608E-08
422.89	1.51155E-08
423.28	1.30284E-08
423.67	1.99137E-08
424.06	1.41627E-08
424.45	1.54727E-08
424.84	1.38278E-08
425.23	1.18158E-08
425.62	1.24321E-08
426.02	1.09208E-08
426.41	1.30193E-08
426.80	1.34722E-08
427.19	1.13111E-08
427.58	1.261E-08
427.97	9.93047E-09
428.36	1.12346E-08
428.75	1.01755E-08
429.14	9.57534E-09
429.53	1.11808E-08
429.92	1.43867E-08
430.31	1.54612E-08
430.70	1.66081E-08
431.10	1.83754E-08
431.49	1.76579E-08
431.88	1.7982E-08
432.27	1.97781E-08
432.66	3.01773E-08
433.05	6.10829E-08
433.44	1.65657E-07
433.83	4.10488E-07
434.22	8.15886E-07
434.61	1.1427E-06
435.00	1.36753E-06
435.40	1.37773E-06
435.79	1.23114E-06
436.18	8.57847E-07
436.57	5.2968E-07
436.96	2.85265E-07
437.35	1.50886E-07
437.74	6.62812E-08
438.13	2.92238E-08
438.52	1.35539E-08
438.92	1.38602E-08
439.31	1.16812E-08
439.70	1.24888E-08
440.09	1.26503E-08
440.48	1.14998E-08
440.87	1.08871E-08
441.26	7.97014E-09
441.65	9.69906E-09
442.05	1.26023E-08
442.44	8.4171E-09
442.83	9.00325E-09
443.22	1.068E-08
443.61	8.53656E-09
444.00	1.30348E-08
444.39	9.71037E-09
444.79	1.19799E-08
445.18	1.02477E-08
445.57	1.12296E-08
445.96	9.56546E-09
446.35	8.42923E-09
446.74	1.02638E-08
447.13	1.46039E-08
447.53	1.05836E-08
447.92	9.69893E-09
448.31	1.00772E-08
448.70	9.35374E-09
449.09	9.18074E-09
449.48	1.10298E-08
449.88	1.14508E-08
450.27	1.14954E-08
450.66	1.09413E-08
451.05	1.01482E-08
451.44	1.06859E-08
451.84	1.05318E-08
452.23	1.05081E-08
452.62	1.05083E-08
453.01	1.1741E-08
453.40	9.06065E-09
453.79	1.02996E-08
454.19	1.09838E-08
454.58	9.75998E-09
454.97	9.75141E-09
455.36	1.0639E-08
455.75	9.96418E-09
456.15	1.04372E-08
456.54	9.66378E-09
456.93	8.21821E-09
457.32	6.53212E-09
457.71	9.63531E-09
458.11	7.70446E-09
458.50	1.00201E-08
458.89	6.97039E-09
459.28	7.75334E-09
459.67	9.15904E-09
460.07	8.18864E-09
460.46	1.11584E-08
460.85	8.66169E-09
461.24	8.6104E-09
461.64	8.93104E-09
462.03	1.01605E-08
462.42	1.02751E-08
462.81	9.44973E-09
463.20	9.80686E-09
463.60	1.13518E-08
463.99	1.18729E-08
464.38	1.37237E-08
464.77	1.41678E-08
465.17	1.44783E-08
465.56	1.51013E-08
465.95	1.38577E-08
466.34	1.51806E-08
466.74	1.5736E-08
467.13	1.47531E-08
467.52	1.29054E-08
467.91	1.32845E-08
468.31	1.42492E-08
468.70	9.70814E-09
469.09	1.22443E-08
469.48	1.2567E-08
469.88	1.37074E-08
470.27	1.41388E-08
470.66	1.26273E-08
471.05	1.36488E-08
471.45	1.47816E-08
471.84	1.31755E-08
472.23	1.45089E-08
472.63	1.58419E-08
473.02	1.45402E-08
473.41	1.16403E-08
473.80	1.49695E-08
474.20	1.42938E-08
474.59	1.25467E-08
474.98	1.596E-08
475.38	1.33606E-08
475.77	1.38427E-08
476.16	1.29773E-08
476.55	1.49111E-08
476.95	1.39919E-08
477.34	1.64766E-08
477.73	1.60902E-08
478.13	1.70576E-08
478.52	1.91752E-08
478.91	2.40377E-08
479.30	2.32465E-08
479.70	2.73525E-08
480.09	3.293E-08
480.48	3.67688E-08
480.88	4.41894E-08
481.27	5.28511E-08
481.66	6.54207E-08
482.06	7.94486E-08
482.45	9.72849E-08
482.84	1.13868E-07
483.24	1.33526E-07
483.63	1.54816E-07
484.02	1.75826E-07
484.42	2.00375E-07
484.81	2.25719E-07
485.20	2.41978E-07
485.60	2.60102E-07
485.99	2.71618E-07
486.38	2.73878E-07
486.78	2.74501E-07
487.17	2.73828E-07
487.56	2.68972E-07
487.96	2.61825E-07
488.35	2.5469E-07
488.74	2.44761E-07
489.14	2.37328E-07
489.53	2.30852E-07
489.92	2.24043E-07
490.32	2.19264E-07
490.71	2.16428E-07
491.11	2.07697E-07
491.50	2.02687E-07
491.89	1.96092E-07
492.29	1.8685E-07
492.68	1.78789E-07
493.07	1.76018E-07
493.47	1.657E-07
493.86	1.58522E-07
494.26	1.54793E-07
494.65	1.4623E-07
495.04	1.4824E-07
495.44	1.41753E-07
495.83	1.33757E-07
496.22	1.37269E-07
496.62	1.30187E-07
497.01	1.25155E-07
497.41	1.17131E-07
497.80	1.10933E-07
498.19	1.0372E-07
498.59	9.71176E-08
498.98	8.94026E-08
499.38	8.40142E-08
499.77	7.5852E-08
500.16	7.12516E-08
500.56	6.32564E-08
500.95	6.151E-08
501.35	5.76342E-08
501.74	5.57797E-08
502.14	5.46366E-08
502.53	5.42987E-08
502.92	5.0905E-08
503.32	5.1821E-08
503.71	4.90419E-08
504.11	4.85922E-08
504.50	4.8577E-08
504.90	4.92563E-08
505.29	4.86015E-08
505.68	5.07805E-08
506.08	5.07319E-08
506.47	5.12066E-08
506.87	5.23562E-08
507.26	5.40356E-08
507.66	5.54665E-08
508.05	5.72929E-08
508.44	6.02162E-08
508.84	6.04022E-08
509.23	6.30308E-08
509.63	6.18451E-08
510.02	6.43442E-08
510.42	6.46172E-08
510.81	6.68255E-08
511.21	6.85717E-08
511.60	6.77625E-08
512.00	6.86937E-08
512.39	7.18623E-08
512.79	7.00259E-08
513.18	7.20717E-08
513.58	7.2345E-08
513.97	7.14159E-08
514.36	7.30053E-08
514.76	7.34334E-08
515.15	7.21951E-08
515.55	7.16575E-08
515.94	7.17163E-08
516.34	6.87186E-08
516.73	6.94016E-08
517.13	6.9302E-08
517.52	7.05346E-08
517.92	6.88557E-08
518.31	6.92977E-08
518.71	6.80902E-08
519.10	6.81404E-08
519.50	7.42374E-08
519.89	6.66916E-08
520.29	6.89563E-08
520.68	6.68761E-08
521.08	6.47926E-08
521.47	6.48198E-08
521.87	6.56828E-08
522.26	6.37512E-08
522.66	6.29773E-08
523.06	6.38655E-08
523.45	6.5921E-08
523.85	6.33001E-08
524.24	6.4417E-08
524.64	6.43048E-08
525.03	6.53753E-08
525.43	6.97936E-08
525.82	6.48095E-08
526.22	6.52775E-08
526.61	6.48584E-08
527.01	6.65046E-08
527.40	6.61906E-08
527.80	6.55028E-08
528.20	6.71069E-08
528.59	6.39413E-08
528.99	6.36633E-08
529.38	6.64366E-08
529.78	6.55367E-08
530.17	6.87713E-08
530.57	7.27937E-08
530.96	8.34248E-08
531.36	9.64824E-08
531.76	1.0898E-07
532.15	1.17146E-07
532.55	1.24225E-07
532.94	1.21346E-07
533.34	1.16244E-07
533.73	1.11533E-07
534.13	1.08503E-07
534.53	1.09893E-07
534.92	1.20239E-07
535.32	1.35939E-07
535.71	1.57361E-07
536.11	1.84168E-07
536.51	2.18118E-07
536.90	2.54881E-07
537.30	2.97074E-07
537.69	3.44285E-07
538.09	4.03046E-07
538.49	4.84729E-07
538.88	5.99748E-07
539.28	7.50733E-07
539.67	9.52246E-07
540.07	1.18E-06
540.47	1.411E-06
540.86	1.61405E-06
541.26	1.76845E-06
541.65	1.86243E-06
542.05	1.89863E-06
542.45	1.90174E-06
542.84	1.9101E-06
543.24	1.94337E-06
543.64	2.05666E-06
544.03	2.28598E-06
544.43	2.45473E-06
544.82	2.50405E-06
545.22	2.44768E-06
545.62	2.15187E-06
546.01	1.77063E-06
546.41	1.40029E-06
546.81	1.12796E-06
547.20	9.54498E-07
547.60	8.26942E-07
548.00	7.52076E-07
548.39	6.96008E-07
548.79	6.46526E-07
549.19	5.96566E-07
549.58	5.45544E-07
549.98	5.09759E-07
550.38	4.74642E-07
550.77	4.43057E-07
551.17	4.17684E-07
551.57	3.85707E-07
551.96	3.4896E-07
552.36	3.1572E-07
552.76	2.77801E-07
553.15	2.40295E-07
553.55	2.04673E-07
553.95	1.77938E-07
554.34	1.54012E-07
554.74	1.34446E-07
555.14	1.17733E-07
555.54	1.08363E-07
555.93	1.00746E-07
556.33	9.30239E-08
556.73	8.67372E-08
557.12	8.22764E-08
557.52	7.83753E-08
557.92	7.7443E-08
558.31	7.33796E-08
558.71	6.91658E-08
559.11	6.85187E-08
559.51	6.65605E-08
559.90	6.9343E-08
560.30	6.98552E-08
560.70	6.84017E-08
561.09	6.64686E-08
561.49	6.59624E-08
561.89	6.52464E-08
562.29	6.57031E-08
562.68	6.09671E-08
563.08	6.15651E-08
563.48	6.02684E-08
563.88	6.01081E-08
564.27	5.73325E-08
564.67	5.79099E-08
565.07	5.727E-08
565.47	5.9478E-08
565.86	5.61956E-08
566.26	5.89642E-08
566.66	5.67606E-08
567.06	6.08138E-08
567.45	5.8712E-08
567.85	5.70259E-08
568.25	5.79205E-08
568.65	5.78768E-08
569.04	5.2243E-08
569.44	5.13341E-08
569.84	5.08959E-08
570.24	5.07675E-08
570.64	5.19062E-08
571.03	5.30146E-08
571.43	5.26009E-08
571.83	5.56587E-08
572.23	5.87321E-08
572.62	6.1219E-08
573.02	6.39325E-08
573.42	6.87609E-08
573.82	8.58969E-08
574.22	1.19626E-07
574.61	1.87186E-07
575.01	2.53669E-07
575.41	3.10039E-07
575.81	3.43955E-07
576.21	3.61621E-07
576.60	3.66921E-07
577.00	3.81346E-07
577.40	4.0786E-07
577.80	4.42738E-07
578.20	4.81516E-07
578.60	4.87562E-07
578.99	4.76363E-07
579.39	4.65513E-07
579.79	4.49441E-07
580.19	4.35831E-07
580.59	4.33776E-07
580.98	4.44491E-07
581.38	4.66146E-07
581.78	4.86828E-07
582.18	4.99647E-07
582.58	5.02539E-07
582.98	4.93771E-07
583.38	4.80936E-07
583.77	4.74068E-07
584.17	4.71719E-07
584.57	5.06784E-07
584.97	5.82937E-07
585.37	6.74569E-07
585.77	7.50131E-07
586.17	7.8835E-07
586.56	7.72763E-07
586.96	7.05431E-07
587.36	6.08722E-07
587.76	5.20213E-07
588.16	4.55752E-07
588.56	4.09948E-07
588.96	3.86927E-07
589.36	3.83068E-07
589.75	3.96494E-07
590.15	4.25233E-07
590.55	4.82232E-07
590.95	5.53335E-07
591.35	6.12879E-07
591.75	6.5144E-07
592.15	6.4603E-07
592.55	6.0654E-07
592.95	5.29544E-07
593.34	4.47864E-07
593.74	3.7697E-07
594.14	3.27992E-07
594.54	2.92833E-07
594.94	2.72056E-07
595.34	2.60716E-07
595.74	2.61601E-07
596.14	2.76906E-07
596.54	3.03666E-07
596.94	3.41634E-07
597.34	3.88375E-07
597.74	4.28351E-07
598.14	4.52552E-07
598.53	4.4832E-07
598.93	4.39753E-07
599.33	4.06281E-07
599.73	3.54303E-07
600.13	3.08404E-07
600.53	2.65233E-07
600.93	2.34142E-07
601.33	2.09115E-07
601.73	1.97607E-07
602.13	1.90491E-07
602.53	1.93082E-07
602.93	1.9389E-07
603.33	2.02887E-07
603.73	2.13413E-07
604.13	2.20248E-07
604.53	2.34573E-07
604.93	2.53472E-07
605.33	2.77767E-07
605.73	3.14985E-07
606.13	3.57517E-07
606.53	4.19117E-07
606.93	5.1327E-07
607.33	6.65574E-07
607.73	9.33203E-07
608.13	1.39134E-06
608.53	2.19186E-06
608.93	3.32503E-06
609.33	4.56043E-06
609.73	5.54926E-06
610.13	6.18754E-06
610.53	6.25301E-06
610.93	5.73637E-06
611.33	4.92206E-06
611.73	4.11181E-06
612.13	3.44001E-06
612.53	2.88228E-06
612.93	2.49151E-06
613.33	2.18006E-06
613.73	1.90281E-06
614.13	1.65177E-06
614.53	1.39685E-06
614.93	1.1685E-06
615.33	9.78523E-07
615.73	8.17251E-07
616.13	6.99332E-07
616.53	6.12714E-07
616.93	5.50136E-07
617.33	5.14067E-07
617.73	4.85169E-07
618.13	4.77322E-07
618.53	4.7809E-07
618.93	4.80597E-07
619.33	4.85024E-07
619.73	4.8791E-07
620.13	4.87559E-07
620.53	4.82387E-07
620.93	4.83809E-07
621.34	4.83325E-07
621.74	4.88148E-07
622.14	4.92946E-07
622.54	4.93529E-07
622.94	4.92778E-07
623.34	4.93201E-07
623.74	4.90727E-07
624.14	4.94115E-07
624.54	4.89793E-07
624.94	4.84144E-07
625.34	4.83795E-07
625.74	4.8123E-07
626.15	4.80989E-07
626.55	4.85182E-07
626.95	4.87524E-07
627.35	5.04588E-07
627.75	5.36621E-07
628.15	5.90878E-07
628.55	6.80121E-07
628.95	7.8152E-07
629.35	8.6336E-07
629.75	8.98871E-07
630.16	8.70814E-07
630.56	7.7778E-07
630.96	6.42052E-07
631.36	5.03441E-07
631.76	3.84178E-07
632.16	2.9031E-07
632.56	2.26573E-07
632.96	1.82796E-07
633.37	1.55417E-07
633.77	1.40362E-07
634.17	1.31843E-07
634.57	1.22548E-07
634.97	1.18664E-07
635.37	1.12501E-07
635.78	1.08048E-07
636.18	1.01195E-07
636.58	9.96958E-08
636.98	9.81332E-08
637.38	9.12771E-08
637.78	9.18876E-08
638.18	8.78793E-08
638.59	8.67683E-08
638.99	8.85279E-08
639.39	8.71866E-08
639.79	8.71169E-08
640.19	8.63403E-08
640.60	8.55027E-08
641.00	8.61291E-08
641.40	8.82483E-08
641.80	8.91185E-08
642.20	8.99395E-08
642.60	9.05556E-08
643.01	9.29352E-08
643.41	9.22682E-08
643.81	9.48928E-08
644.21	9.00599E-08
644.61	9.17354E-08
645.02	9.07234E-08
645.42	8.88372E-08
645.82	8.74984E-08
646.22	8.83085E-08
646.63	8.89116E-08
647.03	9.84502E-08
647.43	1.11501E-07
647.83	1.39424E-07
648.23	1.77546E-07
648.64	2.18008E-07
649.04	2.47887E-07
649.44	2.61135E-07
649.84	2.5963E-07
650.25	2.37577E-07
650.65	2.16235E-07
651.05	1.9335E-07
651.45	1.74285E-07
651.86	1.58039E-07
652.26	1.47844E-07
652.66	1.30594E-07
653.06	1.19796E-07
653.47	1.06679E-07
653.87	9.65098E-08
654.27	8.81342E-08
654.67	8.18279E-08
655.08	8.16022E-08
655.48	8.25876E-08
655.88	8.66199E-08
656.29	8.81174E-08
656.69	8.74384E-08
657.09	8.73734E-08
657.49	8.26255E-08
657.90	7.52344E-08
658.30	6.81776E-08
658.70	6.7981E-08
659.11	6.79012E-08
659.51	7.66024E-08
659.91	9.36774E-08
660.31	1.18631E-07
660.72	1.44294E-07
661.12	1.58324E-07
661.52	1.73193E-07
661.93	1.65325E-07
662.33	1.49036E-07
662.73	1.31382E-07
663.14	1.14409E-07
663.54	9.78634E-08
663.94	8.59571E-08
664.35	7.58615E-08
664.75	7.23959E-08
665.15	7.18181E-08
665.56	6.87953E-08
665.96	7.03829E-08
666.36	7.84631E-08
666.77	7.26036E-08
667.17	7.07826E-08
667.57	6.84826E-08
667.98	6.71418E-08
668.38	6.5452E-08
668.78	6.21709E-08
669.19	6.30197E-08
669.59	6.21536E-08
669.99	5.80702E-08
670.40	5.79108E-08
670.80	5.71287E-08
671.21	5.69658E-08
671.61	5.41239E-08
672.01	5.37389E-08
672.42	3.78939E-08
672.82	5.15157E-08
673.22	4.95554E-08
673.63	4.92396E-08
674.03	4.72593E-08
674.44	4.86277E-08
674.84	4.98841E-08
675.24	4.82787E-08
675.65	4.77437E-08
676.05	4.93259E-08
676.46	4.92486E-08
676.86	5.14946E-08
677.26	5.32856E-08
677.67	5.45442E-08
678.07	5.60874E-08
678.48	6.18129E-08
678.88	5.71869E-08
679.28	5.56006E-08
679.69	5.59651E-08
680.09	5.4831E-08
680.50	5.3732E-08
680.90	5.47185E-08
681.31	5.42067E-08
681.71	5.14213E-08
682.11	5.19368E-08
682.52	4.96646E-08
682.92	4.72263E-08
683.33	4.92814E-08
683.73	5.14765E-08
684.14	5.77508E-08
684.54	6.72958E-08
684.95	8.51239E-08
685.35	1.06704E-07
685.76	1.28382E-07
686.16	1.49533E-07
686.56	1.58942E-07
686.97	1.61001E-07
687.37	1.52288E-07
687.78	1.34717E-07
688.18	1.13665E-07
688.59	9.50747E-08
688.99	8.15226E-08
689.40	6.73508E-08
689.80	5.82661E-08
690.21	5.20006E-08
690.61	5.13106E-08
691.02	5.8597E-08
691.42	7.59569E-08
691.83	9.27403E-08
692.23	1.06759E-07
692.64	1.09905E-07
693.04	1.11247E-07
693.45	9.91939E-08
693.85	8.95488E-08
694.26	8.57732E-08
694.66	8.161E-08
695.07	8.08523E-08
695.47	7.58743E-08
695.88	6.77593E-08
696.28	5.87187E-08
696.69	4.9553E-08
697.10	4.20143E-08
697.50	3.417E-08
697.91	3.37717E-08
698.31	2.95529E-08
698.72	2.80527E-08
699.12	2.63656E-08
699.53	2.89807E-08
699.93	2.76193E-08
700.34	3.10311E-08
700.74	3.273E-08
701.15	3.78316E-08
701.56	4.19841E-08
701.96	5.14712E-08
702.37	5.97506E-08
702.77	7.15842E-08
703.18	8.24722E-08
703.58	1.1078E-07
703.99	1.42505E-07
704.40	1.90385E-07
704.80	2.55348E-07
705.21	3.16631E-07
705.61	3.67773E-07
706.02	4.01942E-07
706.43	4.2583E-07
706.83	4.44567E-07
707.24	4.63509E-07
707.64	4.71679E-07
708.05	4.58863E-07
708.46	4.31564E-07
708.86	3.80036E-07
709.27	3.3028E-07
709.67	3.0608E-07
710.08	3.11429E-07
710.49	3.33717E-07
710.89	3.53974E-07
711.30	3.53301E-07
711.71	3.34536E-07
712.11	2.96926E-07
712.52	2.46709E-07
712.92	2.01884E-07
713.33	1.56542E-07
713.74	1.27019E-07
714.14	9.97522E-08
714.55	7.32519E-08
714.96	5.44064E-08
715.36	4.11795E-08
715.77	3.03943E-08
716.18	2.64798E-08
716.58	2.33032E-08
716.99	1.86308E-08
717.40	1.8439E-08
717.80	1.77072E-08
718.21	1.72599E-08
718.62	1.70099E-08
719.02	1.51054E-08
719.43	1.74633E-08
719.84	1.53968E-08
720.24	1.52944E-08
720.65	1.51817E-08
721.06	1.50607E-08
721.46	1.62985E-08
721.87	1.37612E-08
722.28	1.3973E-08
722.69	1.43818E-08
723.09	1.46903E-08
723.50	1.4442E-08
723.91	1.26576E-08
724.31	1.31563E-08
724.72	1.55208E-08
725.13	1.68688E-08
725.54	1.92013E-08
725.94	2.04643E-08
726.35	2.20154E-08
726.76	2.15835E-08
727.16	2.0739E-08
727.57	2.04271E-08
727.98	2.0899E-08
728.39	2.12423E-08
728.79	2.12888E-08
729.20	2.11511E-08
729.61	2.02006E-08
730.02	1.56166E-08
730.42	1.80995E-08
730.83	1.61159E-08
731.24	1.59451E-08
731.65	1.48341E-08
732.05	1.40537E-08
732.46	1.4464E-08
732.87	1.17566E-08
733.28	1.09272E-08
733.69	1.10047E-08
734.09	1.09894E-08
734.50	1.01677E-08
734.91	1.01455E-08
735.32	1.20689E-08
735.72	1.64572E-08
736.13	2.55791E-08
736.54	3.84135E-08
736.95	5.00355E-08
737.36	5.63167E-08
737.76	5.78919E-08
738.17	5.09679E-08
738.58	4.26477E-08
738.99	3.75708E-08
739.40	3.36416E-08
739.81	3.11515E-08
740.21	2.69211E-08
740.62	2.69609E-08
741.03	2.3985E-08
741.44	2.60242E-08
741.85	2.32295E-08
742.25	1.91729E-08
742.66	1.82428E-08
743.07	1.7129E-08
743.48	1.45445E-08
743.89	1.47591E-08
744.30	1.41291E-08
744.71	1.24577E-08
745.11	1.25619E-08
745.52	1.27769E-08
745.93	1.32887E-08
746.34	1.10899E-08
746.75	1.05635E-08
747.16	2.03538E-08
747.57	1.31197E-08
747.97	1.93792E-08
748.38	2.94686E-08
748.79	4.34029E-08
749.20	5.95785E-08
749.61	7.28489E-08
750.02	8.1533E-08
750.43	7.95488E-08
750.84	7.76412E-08
751.25	6.7466E-08
751.65	5.55112E-08
752.06	5.06419E-08
752.47	4.18355E-08
752.88	3.59301E-08
753.29	1.98861E-08
753.70	2.62667E-08
754.11	2.24074E-08
754.52	1.72986E-08
754.93	1.36996E-08
755.34	1.06702E-08
755.75	6.97825E-09
756.15	6.15471E-09
756.56	6.74018E-09
756.97	5.54743E-09
757.38	4.65812E-09
757.79	5.25081E-09
758.20	4.24834E-09
758.61	5.33858E-09
759.02	5.13512E-09
759.43	4.15863E-09
759.84	4.95319E-09
760.25	8.79756E-09
760.66	1.81005E-08
761.07	4.32832E-08
761.48	8.74451E-08
761.89	1.24306E-07
762.30	1.54628E-07
762.71	1.71367E-07
763.12	1.62502E-07
763.53	1.44618E-07
763.94	1.23411E-07
764.35	1.06393E-07
764.76	9.11642E-08
765.17	7.93106E-08
765.58	6.89755E-08
765.99	6.07492E-08
766.40	5.43581E-08
766.81	4.61646E-08
767.22	3.95603E-08
767.63	3.19505E-08
768.04	2.34439E-08
768.45	1.57905E-08
768.86	1.08144E-08
769.27	9.24683E-09
769.68	1.27457E-08
770.09	2.26736E-08
770.50	3.63086E-08
770.91	4.87073E-08
771.32	5.75311E-08
771.73	6.23635E-08
772.14	5.84611E-08
772.55	5.25176E-08
772.96	4.6504E-08
773.37	4.07863E-08
773.78	3.56572E-08
774.19	3.2058E-08
774.60	2.79806E-08
775.01	2.41899E-08
775.42	2.28334E-08
775.83	2.06734E-08
776.24	1.84442E-08
776.66	1.65163E-08
777.07	1.11784E-08
777.48	1.00029E-08
777.89	6.89495E-09
778.30	4.56746E-09
778.71	4.17772E-09
779.12	3.50013E-09
779.53	3.97478E-09
779.94	2.91339E-09
780.35	3.6896E-09
780.76	2.33213E-09
781.17	3.30299E-09
781.59	2.13759E-09
782.00	3.88056E-09
782.41	3.10106E-09
782.82	3.77923E-09
783.23	2.8073E-09
783.64	2.89996E-09
784.05	2.61022E-09
784.46	2.60299E-09
